<newObject>
<type> 0
<id> 0
<name> straightaway4lane2way
<translate> 0.000000 0.000000 0.000000
<scale> 1.000000 1.000000 1.000000
<rotate> 0.000000 -330.000000 0.000000
<OBBCenter> -0.000001 0.125000 -0.000002
<OBBAxis1> 0.866025 0.000000 -0.500000
<OBBAxis2> 0.000000 1.000000 0.000000
<OBBAxis3> -0.500000 0.000000 -0.866025
<OBBExtent1> 8.000000
<OBBExtent2> 0.125000
<OBBExtent3> 14.999999
<sphereCenter> -0.000001 0.125000 0.000002
<sphereRadius> 22.290394


<newObject>
<type> 0
<id> 1
<name> rightturn4lane2way
<translate> 270.000000 0.000000 467.640015
<scale> 1.000000 1.000000 1.000000
<rotate> 0.000000 -330.000000 0.000000
<OBBCenter> 272.310425 0.125000 467.796631
<OBBAxis1> 0.866025 0.000000 -0.500000
<OBBAxis2> 0.000000 1.000000 0.000000
<OBBAxis3> -0.500000 0.000000 -0.866025
<OBBExtent1> 9.922561
<OBBExtent2> 0.125000
<OBBExtent3> 16.290833
<sphereCenter> 271.275116 0.125000 -467.660339
<sphereRadius> 23.151129


<newObject>
<type> 0
<id> 2
<name> straightaway4lane2way
<translate> 15.000000 0.000000 25.980000
<scale> 1.000000 1.000000 1.000000
<rotate> 0.000000 -330.000000 0.000000
<OBBCenter> 14.999999 0.125000 25.980000
<OBBAxis1> 0.866025 0.000000 -0.500000
<OBBAxis2> 0.000000 1.000000 0.000000
<OBBAxis3> -0.500000 0.000000 -0.866025
<OBBExtent1> 8.000000
<OBBExtent2> 0.125000
<OBBExtent3> 14.999999
<sphereCenter> 14.999999 0.125000 -25.980000
<sphereRadius> 22.290394


<newObject>
<type> 0
<id> 3
<name> straightaway4lane2way
<translate> 30.000000 0.000000 51.959999
<scale> 1.000000 1.000000 1.000000
<rotate> 0.000000 -330.000000 0.000000
<OBBCenter> 29.999996 0.125000 51.959999
<OBBAxis1> 0.866025 0.000000 -0.500000
<OBBAxis2> 0.000000 1.000000 0.000000
<OBBAxis3> -0.500000 0.000000 -0.866025
<OBBExtent1> 8.000000
<OBBExtent2> 0.125000
<OBBExtent3> 14.999999
<sphereCenter> 29.999998 0.125000 -51.959999
<sphereRadius> 22.290394


<newObject>
<type> 0
<id> 4
<name> straightaway4lane2way
<translate> 45.000000 0.000000 77.940002
<scale> 1.000000 1.000000 1.000000
<rotate> 0.000000 -330.000000 0.000000
<OBBCenter> 45.000000 0.125000 77.940002
<OBBAxis1> 0.866025 0.000000 -0.500000
<OBBAxis2> 0.000000 1.000000 0.000000
<OBBAxis3> -0.500000 0.000000 -0.866025
<OBBExtent1> 8.000000
<OBBExtent2> 0.125000
<OBBExtent3> 14.999999
<sphereCenter> 45.000000 0.125000 -77.939995
<sphereRadius> 22.290388


<newObject>
<type> 0
<id> 5
<name> straightaway4lane2way
<translate> 60.000000 0.000000 103.919998
<scale> 1.000000 1.000000 1.000000
<rotate> 0.000000 -330.000000 0.000000
<OBBCenter> 60.000000 0.125000 103.919998
<OBBAxis1> 0.866025 0.000000 -0.500000
<OBBAxis2> 0.000000 1.000000 0.000000
<OBBAxis3> -0.500000 0.000000 -0.866025
<OBBExtent1> 8.000000
<OBBExtent2> 0.125000
<OBBExtent3> 14.999999
<sphereCenter> 60.000000 0.125000 -103.919998
<sphereRadius> 22.290392


<newObject>
<type> 0
<id> 6
<name> straightaway4lane2way
<translate> 75.000000 0.000000 129.899994
<scale> 1.000000 1.000000 1.000000
<rotate> 0.000000 -330.000000 0.000000
<OBBCenter> 74.999992 0.125000 129.899994
<OBBAxis1> 0.866025 0.000000 -0.500000
<OBBAxis2> 0.000000 1.000000 0.000000
<OBBAxis3> -0.500000 0.000000 -0.866025
<OBBExtent1> 8.000000
<OBBExtent2> 0.125000
<OBBExtent3> 14.999999
<sphereCenter> 75.000000 0.125000 -129.899994
<sphereRadius> 22.290386


<newObject>
<type> 0
<id> 7
<name> straightaway4lane2way
<translate> 90.000000 0.000000 155.880005
<scale> 1.000000 1.000000 1.000000
<rotate> 0.000000 -330.000000 0.000000
<OBBCenter> 89.999992 0.125000 155.880005
<OBBAxis1> 0.866025 0.000000 -0.500000
<OBBAxis2> 0.000000 1.000000 0.000000
<OBBAxis3> -0.500000 0.000000 -0.866025
<OBBExtent1> 8.000000
<OBBExtent2> 0.125000
<OBBExtent3> 14.999999
<sphereCenter> 90.000000 0.125000 -155.880005
<sphereRadius> 22.290398


<newObject>
<type> 0
<id> 8
<name> straightaway4lane2way
<translate> 105.000000 0.000000 181.860001
<scale> 1.000000 1.000000 1.000000
<rotate> 0.000000 -330.000000 0.000000
<OBBCenter> 104.999992 0.125000 181.859985
<OBBAxis1> 0.866025 0.000000 -0.500000
<OBBAxis2> 0.000000 1.000000 0.000000
<OBBAxis3> -0.500000 0.000000 -0.866025
<OBBExtent1> 8.000000
<OBBExtent2> 0.125000
<OBBExtent3> 14.999999
<sphereCenter> 105.000000 0.125000 -181.859985
<sphereRadius> 22.290386


<newObject>
<type> 0
<id> 9
<name> straightaway4lane2way
<translate> 120.000000 0.000000 207.839996
<scale> 1.000000 1.000000 1.000000
<rotate> 0.000000 -330.000000 0.000000
<OBBCenter> 119.999992 0.125000 207.839996
<OBBAxis1> 0.866025 0.000000 -0.500000
<OBBAxis2> 0.000000 1.000000 0.000000
<OBBAxis3> -0.500000 0.000000 -0.866025
<OBBExtent1> 8.000000
<OBBExtent2> 0.125000
<OBBExtent3> 14.999999
<sphereCenter> 120.000000 0.125000 -207.839996
<sphereRadius> 22.290390


<newObject>
<type> 0
<id> 10
<name> straightaway4lane2way
<translate> 135.000000 0.000000 233.820007
<scale> 1.000000 1.000000 1.000000
<rotate> 0.000000 -330.000000 0.000000
<OBBCenter> 135.000000 0.125000 233.820007
<OBBAxis1> 0.866025 0.000000 -0.500000
<OBBAxis2> 0.000000 1.000000 0.000000
<OBBAxis3> -0.500000 0.000000 -0.866025
<OBBExtent1> 8.000000
<OBBExtent2> 0.125000
<OBBExtent3> 14.999999
<sphereCenter> 135.000000 0.125000 -233.820007
<sphereRadius> 22.290403


<newObject>
<type> 0
<id> 11
<name> straightaway4lane2way
<translate> 150.000000 0.000000 259.799988
<scale> 1.000000 1.000000 1.000000
<rotate> 0.000000 -330.000000 0.000000
<OBBCenter> 150.000000 0.125000 259.799988
<OBBAxis1> 0.866025 0.000000 -0.500000
<OBBAxis2> 0.000000 1.000000 0.000000
<OBBAxis3> -0.500000 0.000000 -0.866025
<OBBExtent1> 8.000000
<OBBExtent2> 0.125000
<OBBExtent3> 14.999999
<sphereCenter> 150.000000 0.125000 -259.799988
<sphereRadius> 22.290390


<newObject>
<type> 0
<id> 12
<name> straightaway4lane2way
<translate> 165.000000 0.000000 285.779999
<scale> 1.000000 1.000000 1.000000
<rotate> 0.000000 -330.000000 0.000000
<OBBCenter> 165.000000 0.125000 285.779999
<OBBAxis1> 0.866025 0.000000 -0.500000
<OBBAxis2> 0.000000 1.000000 0.000000
<OBBAxis3> -0.500000 0.000000 -0.866025
<OBBExtent1> 8.000000
<OBBExtent2> 0.125000
<OBBExtent3> 14.999999
<sphereCenter> 165.000000 0.125000 -285.779999
<sphereRadius> 22.290403


<newObject>
<type> 0
<id> 13
<name> straightaway4lane2way
<translate> 180.000000 0.000000 311.760010
<scale> 1.000000 1.000000 1.000000
<rotate> 0.000000 -330.000000 0.000000
<OBBCenter> 180.000000 0.125000 311.760010
<OBBAxis1> 0.866025 0.000000 -0.500000
<OBBAxis2> 0.000000 1.000000 0.000000
<OBBAxis3> -0.500000 0.000000 -0.866025
<OBBExtent1> 8.000000
<OBBExtent2> 0.125000
<OBBExtent3> 14.999999
<sphereCenter> 180.000000 0.125000 -311.760010
<sphereRadius> 22.290403


<newObject>
<type> 0
<id> 14
<name> straightaway4lane2way
<translate> 195.000000 0.000000 337.739990
<scale> 1.000000 1.000000 1.000000
<rotate> 0.000000 -330.000000 0.000000
<OBBCenter> 195.000000 0.125000 337.739990
<OBBAxis1> 0.866025 0.000000 -0.500000
<OBBAxis2> 0.000000 1.000000 0.000000
<OBBAxis3> -0.500000 0.000000 -0.866025
<OBBExtent1> 8.000000
<OBBExtent2> 0.125000
<OBBExtent3> 14.999999
<sphereCenter> 195.000000 0.125000 -337.739990
<sphereRadius> 22.290379


<newObject>
<type> 0
<id> 15
<name> straightaway4lane2way
<translate> 210.000000 0.000000 363.720001
<scale> 1.000000 1.000000 1.000000
<rotate> 0.000000 -330.000000 0.000000
<OBBCenter> 210.000000 0.125000 363.720001
<OBBAxis1> 0.866025 0.000000 -0.500000
<OBBAxis2> 0.000000 1.000000 0.000000
<OBBAxis3> -0.500000 0.000000 -0.866025
<OBBExtent1> 8.000000
<OBBExtent2> 0.125000
<OBBExtent3> 14.999999
<sphereCenter> 210.000000 0.125000 -363.720001
<sphereRadius> 22.290403


<newObject>
<type> 0
<id> 16
<name> straightaway4lane2way
<translate> 225.000000 0.000000 389.700012
<scale> 1.000000 1.000000 1.000000
<rotate> 0.000000 -330.000000 0.000000
<OBBCenter> 225.000000 0.125000 389.700012
<OBBAxis1> 0.866025 0.000000 -0.500000
<OBBAxis2> 0.000000 1.000000 0.000000
<OBBAxis3> -0.500000 0.000000 -0.866025
<OBBExtent1> 8.000000
<OBBExtent2> 0.125000
<OBBExtent3> 14.999999
<sphereCenter> 225.000000 0.125000 -389.700012
<sphereRadius> 22.290403


<newObject>
<type> 0
<id> 17
<name> straightaway4lane2way
<translate> 240.000000 0.000000 415.679993
<scale> 1.000000 1.000000 1.000000
<rotate> 0.000000 -330.000000 0.000000
<OBBCenter> 240.000000 0.125000 415.679993
<OBBAxis1> 0.866025 0.000000 -0.500000
<OBBAxis2> 0.000000 1.000000 0.000000
<OBBAxis3> -0.500000 0.000000 -0.866025
<OBBExtent1> 8.000000
<OBBExtent2> 0.125000
<OBBExtent3> 14.999999
<sphereCenter> 240.000000 0.125000 -415.679993
<sphereRadius> 22.290403


<newObject>
<type> 0
<id> 18
<name> straightaway4lane2way
<translate> 255.000000 0.000000 441.660004
<scale> 1.000000 1.000000 1.000000
<rotate> 0.000000 -330.000000 0.000000
<OBBCenter> 255.000000 0.125000 441.660004
<OBBAxis1> 0.866025 0.000000 -0.500000
<OBBAxis2> 0.000000 1.000000 0.000000
<OBBAxis3> -0.500000 0.000000 -0.866025
<OBBExtent1> 8.000000
<OBBExtent2> 0.125000
<OBBExtent3> 14.999999
<sphereCenter> 255.000000 0.125000 -441.660004
<sphereRadius> 22.290392


<newObject>
<type> 0
<id> 19
<name> straightaway4lane2way
<translate> 291.928009 0.000000 489.619995
<scale> 1.000000 1.000000 1.000000
<rotate> 0.000000 -315.000000 0.000000
<OBBCenter> 291.928009 0.125000 489.619995
<OBBAxis1> 0.707107 0.000000 -0.707107
<OBBAxis2> 0.000000 1.000000 0.000000
<OBBAxis3> -0.707107 0.000000 -0.707107
<OBBExtent1> 8.000000
<OBBExtent2> 0.125000
<OBBExtent3> 14.999997
<sphereCenter> 291.928009 0.125000 -489.619995
<sphereRadius> 23.000343


<newObject>
<type> 0
<id> 20
<name> straightaway4lane2way
<translate> 313.140991 0.000000 510.833008
<scale> 1.000000 1.000000 1.000000
<rotate> 0.000000 -315.000000 0.000000
<OBBCenter> 313.140991 0.125000 510.832977
<OBBAxis1> 0.707107 0.000000 -0.707107
<OBBAxis2> 0.000000 1.000000 0.000000
<OBBAxis3> -0.707107 0.000000 -0.707107
<OBBExtent1> 8.000000
<OBBExtent2> 0.125000
<OBBExtent3> 14.999997
<sphereCenter> 313.140991 0.125000 -510.833008
<sphereRadius> 23.000343


<newObject>
<type> 0
<id> 21
<name> straightaway4lane2way
<translate> 334.354004 0.000000 532.046021
<scale> 1.000000 1.000000 1.000000
<rotate> 0.000000 -315.000000 0.000000
<OBBCenter> 334.354004 0.125000 532.045959
<OBBAxis1> 0.707107 0.000000 -0.707107
<OBBAxis2> 0.000000 1.000000 0.000000
<OBBAxis3> -0.707107 0.000000 -0.707107
<OBBExtent1> 8.000000
<OBBExtent2> 0.125000
<OBBExtent3> 14.999997
<sphereCenter> 334.354004 0.125000 -532.046021
<sphereRadius> 23.000364


<newObject>
<type> 0
<id> 22
<name> straightaway4lane2way
<translate> 355.566986 0.000000 553.258972
<scale> 1.000000 1.000000 1.000000
<rotate> 0.000000 -315.000000 0.000000
<OBBCenter> 355.566986 0.125000 553.258911
<OBBAxis1> 0.707107 0.000000 -0.707107
<OBBAxis2> 0.000000 1.000000 0.000000
<OBBAxis3> -0.707107 0.000000 -0.707107
<OBBExtent1> 8.000000
<OBBExtent2> 0.125000
<OBBExtent3> 14.999997
<sphereCenter> 355.567017 0.125000 -553.259033
<sphereRadius> 23.000343


<newObject>
<type> 0
<id> 23
<name> straightaway4lane2way
<translate> 376.779999 0.000000 574.471985
<scale> 1.000000 1.000000 1.000000
<rotate> 0.000000 -315.000000 0.000000
<OBBCenter> 376.779999 0.125000 574.471924
<OBBAxis1> 0.707107 0.000000 -0.707107
<OBBAxis2> 0.000000 1.000000 0.000000
<OBBAxis3> -0.707107 0.000000 -0.707107
<OBBExtent1> 8.000000
<OBBExtent2> 0.125000
<OBBExtent3> 14.999997
<sphereCenter> 376.779999 0.125000 -574.472046
<sphereRadius> 23.000364


<newObject>
<type> 0
<id> 24
<name> straightaway4lane2way
<translate> 397.993011 0.000000 595.684998
<scale> 1.000000 1.000000 1.000000
<rotate> 0.000000 -315.000000 0.000000
<OBBCenter> 397.993011 0.125000 595.684937
<OBBAxis1> 0.707107 0.000000 -0.707107
<OBBAxis2> 0.000000 1.000000 0.000000
<OBBAxis3> -0.707107 0.000000 -0.707107
<OBBExtent1> 8.000000
<OBBExtent2> 0.125000
<OBBExtent3> 14.999997
<sphereCenter> 397.992981 0.125000 -595.684998
<sphereRadius> 23.000320


<newObject>
<type> 0
<id> 25
<name> straightaway4lane2way
<translate> 419.205994 0.000000 616.898010
<scale> 1.000000 1.000000 1.000000
<rotate> 0.000000 -315.000000 0.000000
<OBBCenter> 419.205994 0.125000 616.897949
<OBBAxis1> 0.707107 0.000000 -0.707107
<OBBAxis2> 0.000000 1.000000 0.000000
<OBBAxis3> -0.707107 0.000000 -0.707107
<OBBExtent1> 8.000000
<OBBExtent2> 0.125000
<OBBExtent3> 14.999997
<sphereCenter> 419.205994 0.125000 -616.897949
<sphereRadius> 23.000320


<newObject>
<type> 0
<id> 26
<name> straightaway4lane2way
<translate> 440.419006 0.000000 638.111023
<scale> 1.000000 1.000000 1.000000
<rotate> 0.000000 -315.000000 0.000000
<OBBCenter> 440.419006 0.125000 638.110962
<OBBAxis1> 0.707107 0.000000 -0.707107
<OBBAxis2> 0.000000 1.000000 0.000000
<OBBAxis3> -0.707107 0.000000 -0.707107
<OBBExtent1> 8.000000
<OBBExtent2> 0.125000
<OBBExtent3> 14.999997
<sphereCenter> 440.419006 0.125000 -638.110962
<sphereRadius> 23.000320


<newObject>
<type> 0
<id> 27
<name> straightaway4lane2way
<translate> 461.631989 0.000000 659.323975
<scale> 1.000000 1.000000 1.000000
<rotate> 0.000000 -315.000000 0.000000
<OBBCenter> 461.631989 0.125000 659.323914
<OBBAxis1> 0.707107 0.000000 -0.707107
<OBBAxis2> 0.000000 1.000000 0.000000
<OBBAxis3> -0.707107 0.000000 -0.707107
<OBBExtent1> 8.000000
<OBBExtent2> 0.125000
<OBBExtent3> 14.999997
<sphereCenter> 461.631989 0.125000 -659.323975
<sphereRadius> 23.000320


<newObject>
<type> 0
<id> 28
<name> straightaway4lane2way
<translate> 482.845001 0.000000 680.536987
<scale> 1.000000 1.000000 1.000000
<rotate> 0.000000 -315.000000 0.000000
<OBBCenter> 482.845001 0.125000 680.536926
<OBBAxis1> 0.707107 0.000000 -0.707107
<OBBAxis2> 0.000000 1.000000 0.000000
<OBBAxis3> -0.707107 0.000000 -0.707107
<OBBExtent1> 8.000000
<OBBExtent2> 0.125000
<OBBExtent3> 14.999997
<sphereCenter> 482.845001 0.125000 -680.536987
<sphereRadius> 23.000320


<newObject>
<type> 0
<id> 29
<name> straightaway4lane2way
<translate> 504.058014 0.000000 701.750000
<scale> 1.000000 1.000000 1.000000
<rotate> 0.000000 -315.000000 0.000000
<OBBCenter> 504.058014 0.125000 701.749939
<OBBAxis1> 0.707107 0.000000 -0.707107
<OBBAxis2> 0.000000 1.000000 0.000000
<OBBAxis3> -0.707107 0.000000 -0.707107
<OBBExtent1> 8.000000
<OBBExtent2> 0.125000
<OBBExtent3> 14.999997
<sphereCenter> 504.058014 0.125000 -701.750000
<sphereRadius> 23.000320


<newObject>
<type> 0
<id> 30
<name> straightaway4lane2way
<translate> 525.270996 0.000000 722.963013
<scale> 1.000000 1.000000 1.000000
<rotate> 0.000000 -315.000000 0.000000
<OBBCenter> 525.270996 0.125000 722.962952
<OBBAxis1> 0.707107 0.000000 -0.707107
<OBBAxis2> 0.000000 1.000000 0.000000
<OBBAxis3> -0.707107 0.000000 -0.707107
<OBBExtent1> 8.000000
<OBBExtent2> 0.125000
<OBBExtent3> 14.999997
<sphereCenter> 525.270996 0.125000 -722.963013
<sphereRadius> 23.000343


<newObject>
<type> 0
<id> 31
<name> leftturn4lane2way
<translate> 546.484009 0.000000 744.176025
<scale> 1.000000 1.000000 1.000000
<rotate> 0.000000 -315.000000 0.000000
<OBBCenter> 546.037292 0.125000 746.448242
<OBBAxis1> 0.707107 0.000000 -0.707107
<OBBAxis2> 0.000000 1.000000 0.000000
<OBBAxis3> -0.707107 0.000000 -0.707107
<OBBExtent1> 9.922560
<OBBExtent2> 0.125000
<OBBExtent3> 16.290831
<sphereCenter> 545.844543 0.125000 -744.984131
<sphereRadius> 23.142279


<newObject>
<type> 0
<id> 32
<name> leftturn4lane2way
<translate> 562.040222 0.000000 771.045776
<scale> 1.000000 1.000000 1.000000
<rotate> 0.000000 -330.000000 0.000000
<OBBCenter> 561.020691 0.125000 773.124939
<OBBAxis1> 0.866025 0.000000 -0.500000
<OBBAxis2> 0.000000 1.000000 0.000000
<OBBAxis3> -0.500000 0.000000 -0.866025
<OBBExtent1> 9.922561
<OBBExtent2> 0.125000
<OBBExtent3> 16.290831
<sphereCenter> 560.784546 0.125000 -771.331787
<sphereRadius> 21.725664


<newObject>
<type> 0
<id> 33
<name> leftturn4lane2way
<translate> 570.112183 0.000000 801.025818
<scale> 1.000000 1.000000 1.000000
<rotate> 0.000000 -345.000000 0.000000
<OBBCenter> 568.589233 0.125000 802.770264
<OBBAxis1> 0.965926 0.000000 -0.258819
<OBBAxis2> 0.000000 1.000000 0.000000
<OBBAxis3> -0.258819 0.000000 -0.965926
<OBBExtent1> 9.922562
<OBBExtent2> 0.125000
<OBBExtent3> 16.290833
<sphereCenter> 568.358826 0.125000 -800.770264
<sphereRadius> 19.052027


<newObject>
<type> 0
<id> 34
<name> leftturn4lane2way
<translate> 570.148987 0.000000 832.073181
<scale> 1.000000 1.000000 1.000000
<rotate> 0.000000 0.000000 0.000000
<OBBCenter> 568.226440 0.125000 833.364014
<OBBAxis1> 1.000000 0.000000 0.000000
<OBBAxis2> 0.000000 1.000000 0.000000
<OBBAxis3> 0.000000 0.000000 -1.000000
<OBBExtent1> 9.922561
<OBBExtent2> 0.125000
<OBBExtent3> 16.290833
<sphereCenter> 568.226440 0.125000 -833.364014
<sphereRadius> 19.075214


<newObject>
<type> 0
<id> 35
<name> straightaway4lane2way
<translate> 562.148987 0.000000 862.073181
<scale> 1.000000 1.000000 1.000000
<rotate> 0.000000 -15.000000 0.000000
<OBBCenter> 562.148987 0.125000 862.073181
<OBBAxis1> 0.965926 0.000000 0.258819
<OBBAxis2> 0.000000 1.000000 0.000000
<OBBAxis3> 0.258819 0.000000 -0.965926
<OBBExtent1> 8.000000
<OBBExtent2> 0.125000
<OBBExtent3> 14.999998
<sphereCenter> 562.148987 0.125000 -862.073181
<sphereRadius> 20.224134


<newObject>
<type> 0
<id> 36
<name> straightaway4lane2way
<translate> 554.385010 0.000000 891.050171
<scale> 1.000000 1.000000 1.000000
<rotate> 0.000000 -15.000000 0.000000
<OBBCenter> 554.385010 0.125000 891.050171
<OBBAxis1> 0.965926 0.000000 0.258819
<OBBAxis2> 0.000000 1.000000 0.000000
<OBBAxis3> 0.258819 0.000000 -0.965926
<OBBExtent1> 8.000000
<OBBExtent2> 0.125000
<OBBExtent3> 14.999998
<sphereCenter> 554.385010 0.125000 -891.050171
<sphereRadius> 20.224085


<newObject>
<type> 0
<id> 37
<name> leftturn4lane2way
<translate> 546.620972 0.000000 920.027222
<scale> 1.000000 1.000000 1.000000
<rotate> 0.000000 -15.000000 0.000000
<OBBCenter> 544.429810 0.125000 920.776550
<OBBAxis1> 0.965926 0.000000 0.258819
<OBBAxis2> 0.000000 1.000000 0.000000
<OBBAxis3> 0.258819 0.000000 -0.965926
<OBBExtent1> 9.922562
<OBBExtent2> 0.125000
<OBBExtent3> 16.290834
<sphereCenter> 544.965759 0.125000 -920.705933
<sphereRadius> 21.751522


<newObject>
<type> 0
<id> 38
<name> leftturn4lane2way
<translate> 531.129822 0.000000 946.933777
<scale> 1.000000 1.000000 1.000000
<rotate> 0.000000 -30.000000 0.000000
<OBBCenter> 528.819458 0.125000 947.090393
<OBBAxis1> 0.866025 0.000000 0.500000
<OBBAxis2> 0.000000 1.000000 0.000000
<OBBAxis3> 0.500000 0.000000 -0.866025
<OBBExtent1> 9.922561
<OBBExtent2> 0.125000
<OBBExtent3> 16.290833
<sphereCenter> 529.854675 0.125000 -946.954102
<sphereRadius> 23.151087


<newObject>
<type> 0
<id> 39
<name> leftturn4lane2way
<translate> 509.201813 0.000000 968.913818
<scale> 1.000000 1.000000 1.000000
<rotate> 0.000000 -45.000000 0.000000
<OBBCenter> 506.929565 0.125000 968.467102
<OBBAxis1> 0.707107 0.000000 0.707107
<OBBAxis2> 0.000000 1.000000 0.000000
<OBBAxis3> 0.707107 0.000000 -0.707107
<OBBExtent1> 9.922561
<OBBExtent2> 0.125000
<OBBExtent3> 16.290833
<sphereCenter> 508.393677 0.125000 -968.274353
<sphereRadius> 23.142279


<newObject>
<type> 0
<id> 40
<name> straightaway4lane2way
<translate> 482.332001 0.000000 984.469971
<scale> 1.000000 1.000000 1.000000
<rotate> 0.000000 -60.000000 0.000000
<OBBCenter> 482.332001 0.125000 984.469971
<OBBAxis1> 0.500000 0.000000 0.866025
<OBBAxis2> 0.000000 1.000000 0.000000
<OBBAxis3> 0.866025 0.000000 -0.500000
<OBBExtent1> 8.000000
<OBBExtent2> 0.125000
<OBBExtent3> 14.999998
<sphereCenter> 482.332001 0.125000 -984.469971
<sphereRadius> 22.290373


<newObject>
<type> 0
<id> 41
<name> straightaway4lane2way
<translate> 456.351990 0.000000 999.469971
<scale> 1.000000 1.000000 1.000000
<rotate> 0.000000 -60.000000 0.000000
<OBBCenter> 456.351990 0.125000 999.469971
<OBBAxis1> 0.500000 0.000000 0.866025
<OBBAxis2> 0.000000 1.000000 0.000000
<OBBAxis3> 0.866025 0.000000 -0.500000
<OBBExtent1> 8.000000
<OBBExtent2> 0.125000
<OBBExtent3> 14.999998
<sphereCenter> 456.351990 0.125000 -999.469971
<sphereRadius> 22.290373


<newObject>
<type> 0
<id> 42
<name> straightaway4lane2way
<translate> 430.372009 0.000000 1014.469971
<scale> 1.000000 1.000000 1.000000
<rotate> 0.000000 -60.000000 0.000000
<OBBCenter> 430.372009 0.125000 1014.469971
<OBBAxis1> 0.500000 0.000000 0.866025
<OBBAxis2> 0.000000 1.000000 0.000000
<OBBAxis3> 0.866025 0.000000 -0.500000
<OBBExtent1> 8.000000
<OBBExtent2> 0.125000
<OBBExtent3> 14.999998
<sphereCenter> 430.372009 0.125000 -1014.469971
<sphereRadius> 22.290373


<newObject>
<type> 0
<id> 43
<name> straightaway4lane2way
<translate> 404.391998 0.000000 1029.469971
<scale> 1.000000 1.000000 1.000000
<rotate> 0.000000 -60.000000 0.000000
<OBBCenter> 404.391998 0.125000 1029.469971
<OBBAxis1> 0.500000 0.000000 0.866025
<OBBAxis2> 0.000000 1.000000 0.000000
<OBBAxis3> 0.866025 0.000000 -0.500000
<OBBExtent1> 8.000000
<OBBExtent2> 0.125000
<OBBExtent3> 14.999998
<sphereCenter> 404.391998 0.125000 -1029.469971
<sphereRadius> 22.290373


<newObject>
<type> 0
<id> 44
<name> straightaway4lane2way
<translate> 378.411987 0.000000 1044.469971
<scale> 1.000000 1.000000 1.000000
<rotate> 0.000000 -60.000000 0.000000
<OBBCenter> 378.411987 0.125000 1044.469971
<OBBAxis1> 0.500000 0.000000 0.866025
<OBBAxis2> 0.000000 1.000000 0.000000
<OBBAxis3> 0.866025 0.000000 -0.500000
<OBBExtent1> 8.000000
<OBBExtent2> 0.125000
<OBBExtent3> 14.999998
<sphereCenter> 378.411987 0.125000 -1044.469971
<sphereRadius> 22.290413


<newObject>
<type> 0
<id> 45
<name> straightaway4lane2way
<translate> 352.432007 0.000000 1059.469971
<scale> 1.000000 1.000000 1.000000
<rotate> 0.000000 -60.000000 0.000000
<OBBCenter> 352.432007 0.125000 1059.469971
<OBBAxis1> 0.500000 0.000000 0.866025
<OBBAxis2> 0.000000 1.000000 0.000000
<OBBAxis3> 0.866025 0.000000 -0.500000
<OBBExtent1> 8.000000
<OBBExtent2> 0.125000
<OBBExtent3> 14.999998
<sphereCenter> 352.432007 0.125000 -1059.469971
<sphereRadius> 22.290413


<newObject>
<type> 0
<id> 46
<name> straightaway4lane2way
<translate> 326.451996 0.000000 1074.469971
<scale> 1.000000 1.000000 1.000000
<rotate> 0.000000 -60.000000 0.000000
<OBBCenter> 326.451996 0.125000 1074.469971
<OBBAxis1> 0.500000 0.000000 0.866025
<OBBAxis2> 0.000000 1.000000 0.000000
<OBBAxis3> 0.866025 0.000000 -0.500000
<OBBExtent1> 8.000000
<OBBExtent2> 0.125000
<OBBExtent3> 14.999998
<sphereCenter> 326.451996 0.125000 -1074.469971
<sphereRadius> 22.290413


<newObject>
<type> 0
<id> 47
<name> straightaway4lane2way
<translate> 300.471985 0.000000 1089.469971
<scale> 1.000000 1.000000 1.000000
<rotate> 0.000000 -60.000000 0.000000
<OBBCenter> 300.471985 0.125000 1089.469971
<OBBAxis1> 0.500000 0.000000 0.866025
<OBBAxis2> 0.000000 1.000000 0.000000
<OBBAxis3> 0.866025 0.000000 -0.500000
<OBBExtent1> 8.000000
<OBBExtent2> 0.125000
<OBBExtent3> 14.999998
<sphereCenter> 300.471985 0.125000 -1089.469971
<sphereRadius> 22.290413


<newObject>
<type> 0
<id> 48
<name> straightaway4lane2way
<translate> 274.492004 0.000000 1104.469971
<scale> 1.000000 1.000000 1.000000
<rotate> 0.000000 -60.000000 0.000000
<OBBCenter> 274.492004 0.125000 1104.469971
<OBBAxis1> 0.500000 0.000000 0.866025
<OBBAxis2> 0.000000 1.000000 0.000000
<OBBAxis3> 0.866025 0.000000 -0.500000
<OBBExtent1> 8.000000
<OBBExtent2> 0.125000
<OBBExtent3> 14.999998
<sphereCenter> 274.492004 0.125000 -1104.469971
<sphereRadius> 22.290413


<newObject>
<type> 0
<id> 49
<name> straightaway4lane2way
<translate> 248.511993 0.000000 1119.469971
<scale> 1.000000 1.000000 1.000000
<rotate> 0.000000 -60.000000 0.000000
<OBBCenter> 248.511993 0.125000 1119.469971
<OBBAxis1> 0.500000 0.000000 0.866025
<OBBAxis2> 0.000000 1.000000 0.000000
<OBBAxis3> 0.866025 0.000000 -0.500000
<OBBExtent1> 8.000000
<OBBExtent2> 0.125000
<OBBExtent3> 14.999998
<sphereCenter> 248.511993 0.125000 -1119.469971
<sphereRadius> 22.290413


<newObject>
<type> 0
<id> 50
<name> straightaway4lane2way
<translate> 222.531998 0.000000 1134.469971
<scale> 1.000000 1.000000 1.000000
<rotate> 0.000000 -60.000000 0.000000
<OBBCenter> 222.532013 0.125000 1134.469971
<OBBAxis1> 0.500000 0.000000 0.866025
<OBBAxis2> 0.000000 1.000000 0.000000
<OBBAxis3> 0.866025 0.000000 -0.500000
<OBBExtent1> 8.000000
<OBBExtent2> 0.125000
<OBBExtent3> 14.999998
<sphereCenter> 222.532013 0.125000 -1134.469971
<sphereRadius> 22.290401


<newObject>
<type> 0
<id> 51
<name> straightaway4lane2way
<translate> 196.552002 0.000000 1149.469971
<scale> 1.000000 1.000000 1.000000
<rotate> 0.000000 -60.000000 0.000000
<OBBCenter> 196.552002 0.125000 1149.469971
<OBBAxis1> 0.500000 0.000000 0.866025
<OBBAxis2> 0.000000 1.000000 0.000000
<OBBAxis3> 0.866025 0.000000 -0.500000
<OBBExtent1> 8.000000
<OBBExtent2> 0.125000
<OBBExtent3> 14.999998
<sphereCenter> 196.552002 0.125000 -1149.469971
<sphereRadius> 22.290401


<newObject>
<type> 0
<id> 52
<name> straightaway4lane2way
<translate> 170.572006 0.000000 1164.469971
<scale> 1.000000 1.000000 1.000000
<rotate> 0.000000 -60.000000 0.000000
<OBBCenter> 170.572021 0.125000 1164.469971
<OBBAxis1> 0.500000 0.000000 0.866025
<OBBAxis2> 0.000000 1.000000 0.000000
<OBBAxis3> 0.866025 0.000000 -0.500000
<OBBExtent1> 8.000000
<OBBExtent2> 0.125000
<OBBExtent3> 14.999998
<sphereCenter> 170.571991 0.125000 -1164.469971
<sphereRadius> 22.290413


<newObject>
<type> 0
<id> 53
<name> straightaway4lane2way
<translate> 144.591995 0.000000 1179.469971
<scale> 1.000000 1.000000 1.000000
<rotate> 0.000000 -60.000000 0.000000
<OBBCenter> 144.592010 0.125000 1179.469971
<OBBAxis1> 0.500000 0.000000 0.866025
<OBBAxis2> 0.000000 1.000000 0.000000
<OBBAxis3> 0.866025 0.000000 -0.500000
<OBBExtent1> 8.000000
<OBBExtent2> 0.125000
<OBBExtent3> 14.999998
<sphereCenter> 144.592010 0.125000 -1179.469971
<sphereRadius> 22.290401


<newObject>
<type> 0
<id> 54
<name> straightaway4lane2way
<translate> 118.612000 0.000000 1194.469971
<scale> 1.000000 1.000000 1.000000
<rotate> 0.000000 -60.000000 0.000000
<OBBCenter> 118.612000 0.125000 1194.469971
<OBBAxis1> 0.500000 0.000000 0.866025
<OBBAxis2> 0.000000 1.000000 0.000000
<OBBAxis3> 0.866025 0.000000 -0.500000
<OBBExtent1> 8.000000
<OBBExtent2> 0.125000
<OBBExtent3> 14.999998
<sphereCenter> 118.612000 0.125000 -1194.469971
<sphereRadius> 22.290413


<newObject>
<type> 0
<id> 55
<name> straightaway4lane2way
<translate> 92.632004 0.000000 1209.469971
<scale> 1.000000 1.000000 1.000000
<rotate> 0.000000 -60.000000 0.000000
<OBBCenter> 92.632004 0.125000 1209.469971
<OBBAxis1> 0.500000 0.000000 0.866025
<OBBAxis2> 0.000000 1.000000 0.000000
<OBBAxis3> 0.866025 0.000000 -0.500000
<OBBExtent1> 8.000000
<OBBExtent2> 0.125000
<OBBExtent3> 14.999998
<sphereCenter> 92.632004 0.125000 -1209.469971
<sphereRadius> 22.290407


<newObject>
<type> 0
<id> 56
<name> straightaway4lane2way
<translate> 66.652000 0.000000 1224.469971
<scale> 1.000000 1.000000 1.000000
<rotate> 0.000000 -60.000000 0.000000
<OBBCenter> 66.652000 0.125000 1224.469971
<OBBAxis1> 0.500000 0.000000 0.866025
<OBBAxis2> 0.000000 1.000000 0.000000
<OBBAxis3> 0.866025 0.000000 -0.500000
<OBBExtent1> 8.000000
<OBBExtent2> 0.125000
<OBBExtent3> 14.999998
<sphereCenter> 66.652000 0.125000 -1224.469971
<sphereRadius> 22.290407


<newObject>
<type> 0
<id> 57
<name> straightaway4lane2way
<translate> 40.672001 0.000000 1239.469971
<scale> 1.000000 1.000000 1.000000
<rotate> 0.000000 -60.000000 0.000000
<OBBCenter> 40.672005 0.125000 1239.469971
<OBBAxis1> 0.500000 0.000000 0.866025
<OBBAxis2> 0.000000 1.000000 0.000000
<OBBAxis3> 0.866025 0.000000 -0.500000
<OBBExtent1> 8.000000
<OBBExtent2> 0.125000
<OBBExtent3> 14.999998
<sphereCenter> 40.672001 0.125000 -1239.469971
<sphereRadius> 22.290407


<newObject>
<type> 0
<id> 58
<name> straightaway4lane2way
<translate> 14.692000 0.000000 1254.469971
<scale> 1.000000 1.000000 1.000000
<rotate> 0.000000 -60.000000 0.000000
<OBBCenter> 14.692002 0.125000 1254.469971
<OBBAxis1> 0.500000 0.000000 0.866025
<OBBAxis2> 0.000000 1.000000 0.000000
<OBBAxis3> 0.866025 0.000000 -0.500000
<OBBExtent1> 8.000000
<OBBExtent2> 0.125000
<OBBExtent3> 14.999998
<sphereCenter> 14.692001 0.125000 -1254.469971
<sphereRadius> 22.290407


<newObject>
<type> 0
<id> 59
<name> straightaway4lane2way
<translate> -11.288000 0.000000 1269.469971
<scale> 1.000000 1.000000 1.000000
<rotate> 0.000000 -60.000000 0.000000
<OBBCenter> -11.287998 0.125000 1269.469971
<OBBAxis1> 0.500000 0.000000 0.866025
<OBBAxis2> 0.000000 1.000000 0.000000
<OBBAxis3> 0.866025 0.000000 -0.500000
<OBBExtent1> 8.000000
<OBBExtent2> 0.125000
<OBBExtent3> 14.999998
<sphereCenter> -11.287998 0.125000 -1269.469971
<sphereRadius> 22.290407


<newObject>
<type> 0
<id> 60
<name> straightaway4lane2way
<translate> -37.268002 0.000000 1284.469971
<scale> 1.000000 1.000000 1.000000
<rotate> 0.000000 -60.000000 0.000000
<OBBCenter> -37.267998 0.125000 1284.469971
<OBBAxis1> 0.500000 0.000000 0.866025
<OBBAxis2> 0.000000 1.000000 0.000000
<OBBAxis3> 0.866025 0.000000 -0.500000
<OBBExtent1> 8.000000
<OBBExtent2> 0.125000
<OBBExtent3> 14.999998
<sphereCenter> -37.267998 0.125000 -1284.469971
<sphereRadius> 22.290407


<newObject>
<type> 0
<id> 61
<name> straightaway4lane2way
<translate> -63.248001 0.000000 1299.469971
<scale> 1.000000 1.000000 1.000000
<rotate> 0.000000 -60.000000 0.000000
<OBBCenter> -63.248001 0.125000 1299.469971
<OBBAxis1> 0.500000 0.000000 0.866025
<OBBAxis2> 0.000000 1.000000 0.000000
<OBBAxis3> 0.866025 0.000000 -0.500000
<OBBExtent1> 8.000000
<OBBExtent2> 0.125000
<OBBExtent3> 14.999998
<sphereCenter> -63.248001 0.125000 -1299.469971
<sphereRadius> 22.290409


<newObject>
<type> 0
<id> 62
<name> straightaway4lane2way
<translate> -89.227997 0.000000 1314.469971
<scale> 1.000000 1.000000 1.000000
<rotate> 0.000000 -60.000000 0.000000
<OBBCenter> -89.227997 0.125000 1314.469971
<OBBAxis1> 0.500000 0.000000 0.866025
<OBBAxis2> 0.000000 1.000000 0.000000
<OBBAxis3> 0.866025 0.000000 -0.500000
<OBBExtent1> 8.000000
<OBBExtent2> 0.125000
<OBBExtent3> 14.999998
<sphereCenter> -89.227997 0.125000 -1314.469971
<sphereRadius> 22.290407


<newObject>
<type> 0
<id> 63
<name> straightaway4lane2way
<translate> -115.208000 0.000000 1329.469971
<scale> 1.000000 1.000000 1.000000
<rotate> 0.000000 -60.000000 0.000000
<OBBCenter> -115.208000 0.125000 1329.469971
<OBBAxis1> 0.500000 0.000000 0.866025
<OBBAxis2> 0.000000 1.000000 0.000000
<OBBAxis3> 0.866025 0.000000 -0.500000
<OBBExtent1> 8.000000
<OBBExtent2> 0.125000
<OBBExtent3> 14.999998
<sphereCenter> -115.208000 0.125000 -1329.469971
<sphereRadius> 22.290407


<newObject>
<type> 0
<id> 64
<name> straightaway4lane2way
<translate> -141.188004 0.000000 1344.469971
<scale> 1.000000 1.000000 1.000000
<rotate> 0.000000 -60.000000 0.000000
<OBBCenter> -141.187988 0.125000 1344.469971
<OBBAxis1> 0.500000 0.000000 0.866025
<OBBAxis2> 0.000000 1.000000 0.000000
<OBBAxis3> 0.866025 0.000000 -0.500000
<OBBExtent1> 8.000000
<OBBExtent2> 0.125000
<OBBExtent3> 14.999998
<sphereCenter> -141.187988 0.125000 -1344.469971
<sphereRadius> 22.290401


<newObject>
<type> 0
<id> 65
<name> straightaway4lane2way
<translate> -167.167999 0.000000 1359.469971
<scale> 1.000000 1.000000 1.000000
<rotate> 0.000000 -60.000000 0.000000
<OBBCenter> -167.167999 0.125000 1359.469971
<OBBAxis1> 0.500000 0.000000 0.866025
<OBBAxis2> 0.000000 1.000000 0.000000
<OBBAxis3> 0.866025 0.000000 -0.500000
<OBBExtent1> 8.000000
<OBBExtent2> 0.125000
<OBBExtent3> 14.999998
<sphereCenter> -167.167999 0.125000 -1359.469971
<sphereRadius> 22.290413


<newObject>
<type> 0
<id> 66
<name> straightaway4lane2way
<translate> -193.147995 0.000000 1374.469971
<scale> 1.000000 1.000000 1.000000
<rotate> 0.000000 -60.000000 0.000000
<OBBCenter> -193.147980 0.125000 1374.469971
<OBBAxis1> 0.500000 0.000000 0.866025
<OBBAxis2> 0.000000 1.000000 0.000000
<OBBAxis3> 0.866025 0.000000 -0.500000
<OBBExtent1> 8.000000
<OBBExtent2> 0.125000
<OBBExtent3> 14.999998
<sphereCenter> -193.148010 0.125000 -1374.469971
<sphereRadius> 22.290413


<newObject>
<type> 0
<id> 67
<name> leftturn4lane2way
<translate> -219.128006 0.000000 1389.469971
<scale> 1.000000 1.000000 1.000000
<rotate> 0.000000 -60.000000 0.000000
<OBBCenter> -221.207184 0.125000 1388.450439
<OBBAxis1> 0.500000 0.000000 0.866025
<OBBAxis2> 0.000000 1.000000 0.000000
<OBBAxis3> 0.866025 0.000000 -0.500000
<OBBExtent1> 9.922560
<OBBExtent2> 0.125000
<OBBExtent3> 16.290833
<sphereCenter> -219.414032 0.125000 -1388.214355
<sphereRadius> 21.725737


<newObject>
<type> 0
<id> 68
<name> straightaway4lane2way
<translate> -249.108002 0.000000 1397.541992
<scale> 1.000000 1.000000 1.000000
<rotate> 0.000000 -75.000000 0.000000
<OBBCenter> -249.108002 0.125000 1397.541992
<OBBAxis1> 0.258819 0.000000 0.965926
<OBBAxis2> 0.000000 1.000000 0.000000
<OBBAxis3> 0.965926 0.000000 -0.258819
<OBBExtent1> 8.000000
<OBBExtent2> 0.125000
<OBBExtent3> 14.999997
<sphereCenter> -249.108002 0.125000 -1397.541992
<sphereRadius> 20.224171


<newObject>
<type> 0
<id> 69
<name> straightaway4lane2way
<translate> -278.084991 0.000000 1405.306030
<scale> 1.000000 1.000000 1.000000
<rotate> 0.000000 -75.000000 0.000000
<OBBCenter> -278.084991 0.125000 1405.306030
<OBBAxis1> 0.258819 0.000000 0.965926
<OBBAxis2> 0.000000 1.000000 0.000000
<OBBAxis3> 0.965926 0.000000 -0.258819
<OBBExtent1> 8.000000
<OBBExtent2> 0.125000
<OBBExtent3> 14.999997
<sphereCenter> -278.085022 0.125000 -1405.305908
<sphereRadius> 20.224100


<newObject>
<type> 0
<id> 70
<name> straightaway4lane2way
<translate> -307.062012 0.000000 1413.069946
<scale> 1.000000 1.000000 1.000000
<rotate> 0.000000 -75.000000 0.000000
<OBBCenter> -307.062012 0.125000 1413.069946
<OBBAxis1> 0.258819 0.000000 0.965926
<OBBAxis2> 0.000000 1.000000 0.000000
<OBBAxis3> 0.965926 0.000000 -0.258819
<OBBExtent1> 8.000000
<OBBExtent2> 0.125000
<OBBExtent3> 14.999997
<sphereCenter> -307.062012 0.125000 -1413.070068
<sphereRadius> 20.224171


<newObject>
<type> 0
<id> 71
<name> straightaway4lane2way
<translate> -336.039001 0.000000 1420.833984
<scale> 1.000000 1.000000 1.000000
<rotate> 0.000000 -75.000000 0.000000
<OBBCenter> -336.039001 0.125000 1420.833984
<OBBAxis1> 0.258819 0.000000 0.965926
<OBBAxis2> 0.000000 1.000000 0.000000
<OBBAxis3> 0.965926 0.000000 -0.258819
<OBBExtent1> 8.000000
<OBBExtent2> 0.125000
<OBBExtent3> 14.999997
<sphereCenter> -336.039001 0.125000 -1420.833984
<sphereRadius> 20.224100


<newObject>
<type> 0
<id> 72
<name> straightaway4lane2way
<translate> -365.015991 0.000000 1428.598022
<scale> 1.000000 1.000000 1.000000
<rotate> 0.000000 -75.000000 0.000000
<OBBCenter> -365.015991 0.125000 1428.598022
<OBBAxis1> 0.258819 0.000000 0.965926
<OBBAxis2> 0.000000 1.000000 0.000000
<OBBAxis3> 0.965926 0.000000 -0.258819
<OBBExtent1> 8.000000
<OBBExtent2> 0.125000
<OBBExtent3> 14.999997
<sphereCenter> -365.015991 0.125000 -1428.597900
<sphereRadius> 20.224075


<newObject>
<type> 0
<id> 73
<name> straightaway4lane2way
<translate> -393.993011 0.000000 1436.362061
<scale> 1.000000 1.000000 1.000000
<rotate> 0.000000 -75.000000 0.000000
<OBBCenter> -393.993011 0.125000 1436.362061
<OBBAxis1> 0.258819 0.000000 0.965926
<OBBAxis2> 0.000000 1.000000 0.000000
<OBBAxis3> 0.965926 0.000000 -0.258819
<OBBExtent1> 8.000000
<OBBExtent2> 0.125000
<OBBExtent3> 14.999997
<sphereCenter> -393.992981 0.125000 -1436.362061
<sphereRadius> 20.224144


<newObject>
<type> 0
<id> 74
<name> straightaway4lane2way
<translate> -422.970001 0.000000 1444.125977
<scale> 1.000000 1.000000 1.000000
<rotate> 0.000000 -75.000000 0.000000
<OBBCenter> -422.970001 0.125000 1444.125977
<OBBAxis1> 0.258819 0.000000 0.965926
<OBBAxis2> 0.000000 1.000000 0.000000
<OBBAxis3> 0.965926 0.000000 -0.258819
<OBBExtent1> 8.000000
<OBBExtent2> 0.125000
<OBBExtent3> 14.999997
<sphereCenter> -422.970001 0.125000 -1444.125977
<sphereRadius> 20.224100


<newObject>
<type> 0
<id> 75
<name> straightaway4lane2way
<translate> -451.946991 0.000000 1451.890015
<scale> 1.000000 1.000000 1.000000
<rotate> 0.000000 -75.000000 0.000000
<OBBCenter> -451.946991 0.125000 1451.890015
<OBBAxis1> 0.258819 0.000000 0.965926
<OBBAxis2> 0.000000 1.000000 0.000000
<OBBAxis3> 0.965926 0.000000 -0.258819
<OBBExtent1> 8.000000
<OBBExtent2> 0.125000
<OBBExtent3> 14.999997
<sphereCenter> -451.947021 0.125000 -1451.889893
<sphereRadius> 20.224100


<newObject>
<type> 0
<id> 76
<name> straightaway4lane2way
<translate> -480.924011 0.000000 1459.654053
<scale> 1.000000 1.000000 1.000000
<rotate> 0.000000 -75.000000 0.000000
<OBBCenter> -480.924011 0.125000 1459.654053
<OBBAxis1> 0.258819 0.000000 0.965926
<OBBAxis2> 0.000000 1.000000 0.000000
<OBBAxis3> 0.965926 0.000000 -0.258819
<OBBExtent1> 8.000000
<OBBExtent2> 0.125000
<OBBExtent3> 14.999997
<sphereCenter> -480.924011 0.125000 -1459.654053
<sphereRadius> 20.224171


<newObject>
<type> 0
<id> 77
<name> straightaway4lane2way
<translate> -509.901001 0.000000 1467.417969
<scale> 1.000000 1.000000 1.000000
<rotate> 0.000000 -75.000000 0.000000
<OBBCenter> -509.901001 0.125000 1467.417969
<OBBAxis1> 0.258819 0.000000 0.965926
<OBBAxis2> 0.000000 1.000000 0.000000
<OBBAxis3> 0.965926 0.000000 -0.258819
<OBBExtent1> 8.000000
<OBBExtent2> 0.125000
<OBBExtent3> 14.999997
<sphereCenter> -509.901001 0.125000 -1467.417969
<sphereRadius> 20.224100


<newObject>
<type> 0
<id> 78
<name> straightaway4lane2way
<translate> -538.877991 0.000000 1475.182007
<scale> 1.000000 1.000000 1.000000
<rotate> 0.000000 -75.000000 0.000000
<OBBCenter> -538.877991 0.125000 1475.182007
<OBBAxis1> 0.258819 0.000000 0.965926
<OBBAxis2> 0.000000 1.000000 0.000000
<OBBAxis3> 0.965926 0.000000 -0.258819
<OBBExtent1> 8.000000
<OBBExtent2> 0.125000
<OBBExtent3> 14.999997
<sphereCenter> -538.877991 0.125000 -1475.182007
<sphereRadius> 20.224171


<newObject>
<type> 0
<id> 79
<name> straightaway4lane2way
<translate> -567.854980 0.000000 1482.946045
<scale> 1.000000 1.000000 1.000000
<rotate> 0.000000 -75.000000 0.000000
<OBBCenter> -567.854980 0.125000 1482.946045
<OBBAxis1> 0.258819 0.000000 0.965926
<OBBAxis2> 0.000000 1.000000 0.000000
<OBBAxis3> 0.965926 0.000000 -0.258819
<OBBExtent1> 8.000000
<OBBExtent2> 0.125000
<OBBExtent3> 14.999997
<sphereCenter> -567.854980 0.125000 -1482.946045
<sphereRadius> 20.224171


<newObject>
<type> 0
<id> 80
<name> straightaway4lane2way
<translate> -596.831970 0.000000 1490.709961
<scale> 1.000000 1.000000 1.000000
<rotate> 0.000000 -75.000000 0.000000
<OBBCenter> -596.831970 0.125000 1490.709961
<OBBAxis1> 0.258819 0.000000 0.965926
<OBBAxis2> 0.000000 1.000000 0.000000
<OBBAxis3> 0.965926 0.000000 -0.258819
<OBBExtent1> 8.000000
<OBBExtent2> 0.125000
<OBBExtent3> 14.999997
<sphereCenter> -596.832031 0.125000 -1490.709961
<sphereRadius> 20.224100


<newObject>
<type> 0
<id> 81
<name> straightaway4lane2way
<translate> -625.809021 0.000000 1498.473999
<scale> 1.000000 1.000000 1.000000
<rotate> 0.000000 -75.000000 0.000000
<OBBCenter> -625.809021 0.125000 1498.473999
<OBBAxis1> 0.258819 0.000000 0.965926
<OBBAxis2> 0.000000 1.000000 0.000000
<OBBAxis3> 0.965926 0.000000 -0.258819
<OBBExtent1> 8.000000
<OBBExtent2> 0.125000
<OBBExtent3> 14.999997
<sphereCenter> -625.808960 0.125000 -1498.473999
<sphereRadius> 20.224119


<newObject>
<type> 0
<id> 82
<name> straightaway4lane2way
<translate> -654.786011 0.000000 1506.238037
<scale> 1.000000 1.000000 1.000000
<rotate> 0.000000 -75.000000 0.000000
<OBBCenter> -654.786011 0.125000 1506.238037
<OBBAxis1> 0.258819 0.000000 0.965926
<OBBAxis2> 0.000000 1.000000 0.000000
<OBBAxis3> 0.965926 0.000000 -0.258819
<OBBExtent1> 8.000000
<OBBExtent2> 0.125000
<OBBExtent3> 14.999997
<sphereCenter> -654.786011 0.125000 -1506.238037
<sphereRadius> 20.224171


<newObject>
<type> 0
<id> 83
<name> straightaway4lane2way
<translate> -683.763000 0.000000 1514.001953
<scale> 1.000000 1.000000 1.000000
<rotate> 0.000000 -75.000000 0.000000
<OBBCenter> -683.763000 0.125000 1514.001953
<OBBAxis1> 0.258819 0.000000 0.965926
<OBBAxis2> 0.000000 1.000000 0.000000
<OBBAxis3> 0.965926 0.000000 -0.258819
<OBBExtent1> 8.000000
<OBBExtent2> 0.125000
<OBBExtent3> 14.999997
<sphereCenter> -683.763000 0.125000 -1514.001953
<sphereRadius> 20.224100


<newObject>
<type> 0
<id> 84
<name> straightaway4lane2way
