<newObject>
<type> 0
<id> 0
<name> map_1
<translate> 0.000000 0.000000 0.000000
<scale> 100.000000 1.000000 100.000000
<rotate> 0.000000 0.000000 0.000000
<OBBCenter> 0.000000 0.000000 0.000000
<OBBAxis1> 1.000000 0.000000 0.000000
<OBBAxis2> 0.000000 1.000000 0.000000
<OBBAxis3> 0.000000 0.000000 1.000000
<OBBExtent1> 50.000000
<OBBExtent2> 0.000000
<OBBExtent3> 50.000000
<sphereCenter> 0.000000 0.000000 0.000000
<sphereRadius> 70.710678


<newObject>
<type> 1
<id> 1
<name> sphere_1
<translate> -24.926466 1.108640 -34.838848
<scale> 0.223069 0.223069 0.223069
<rotate> 0.000000 51.302448 43.230404
<OBBCenter> -24.926466 1.108640 -34.838848
<OBBAxis1> 0.625150 0.008618 -0.780457
<OBBAxis2> -0.013785 0.999905 0.000000
<OBBAxis3> 0.780383 0.010758 0.625209
<OBBExtent1> 1.985506
<OBBExtent2> 1.985506
<OBBExtent3> 1.954440
<sphereCenter> -24.926437 1.108666 -34.838852
<sphereRadius> 3.423249


<newObject>
<type> 1
<id> 2
<name> cylinder_1
<translate> 40.887592 0.933605 -22.641453
<scale> 1.080206 2.757807 1.000000
<rotate> 0.000000 0.000000 0.000000
<OBBCenter> 40.887592 0.933605 -22.641453
<OBBAxis1> 1.000000 0.000000 0.000000
<OBBAxis2> 0.000000 1.000000 0.000000
<OBBAxis3> 0.000000 0.000000 1.000000
<OBBExtent1> 1.080206
<OBBExtent2> 2.757807
<OBBExtent3> 1.000000
<sphereCenter> 40.887592 0.933605 -22.641453
<sphereRadius> 3.126075


<newObject>
<type> 2
<id> 3
<name> building_1
<translate> 33.428574 7.209527 21.947887
<scale> 10.050169 15.984906 10.050169
<rotate> 0.000000 0.000000 0.000000
<OBBCenter> 33.428574 7.209527 21.947887
<OBBAxis1> 1.000000 0.000000 0.000000
<OBBAxis2> 0.000000 1.000000 0.000000
<OBBAxis3> 0.000000 0.000000 1.000000
<OBBExtent1> 5.025084
<OBBExtent2> 7.992453
<OBBExtent3> 5.025084
<sphereCenter> 33.428574 7.209527 21.947887
<sphereRadius> 10.694965


<newObject>
<type> 2
<id> 4
<name> building_2
<translate> -28.398798 4.129714 -21.513798
<scale> 15.686432 8.764148 10.050169
<rotate> 0.000000 -26.809473 0.000000
<OBBCenter> -28.398798 4.129714 -21.513798
<OBBAxis1> 0.892511 0.000000 0.451025
<OBBAxis2> 0.000000 1.000000 0.000000
<OBBAxis3> -0.451025 0.000000 0.892511
<OBBExtent1> 7.843217
<OBBExtent2> 4.382074
<OBBExtent3> 5.025085
<sphereCenter> -28.398796 4.129714 -21.513796
<sphereRadius> 13.016598


<newObject>
<type> 2
<id> 5
<name> building_3
<translate> -22.952333 9.582191 18.254379
<scale> 14.467952 19.390486 13.288553
<rotate> 0.000000 -101.898514 0.000000
<OBBCenter> -22.952333 9.582191 18.254379
<OBBAxis1> -0.206179 0.000000 0.978514
<OBBAxis2> 0.000000 1.000000 0.000000
<OBBAxis3> -0.978514 0.000000 -0.206179
<OBBExtent1> 7.233976
<OBBExtent2> 9.695243
<OBBExtent3> 6.644277
<sphereCenter> -22.952333 9.582191 18.254379
<sphereRadius> 15.141414


<newObject>
<type> 2
<id> 6
<name> building_4
<translate> 14.528594 29.931252 -23.531025
<scale> 11.672641 61.176254 13.448005
<rotate> 0.000000 11.372860 0.000000
<OBBCenter> 14.528593 29.931252 -23.531025
<OBBAxis1> 0.980365 0.000000 -0.197193
<OBBAxis2> 0.000000 1.000000 0.000000
<OBBAxis3> 0.197193 0.000000 0.980365
<OBBExtent1> 5.836320
<OBBExtent2> 30.588127
<OBBExtent3> 6.724002
<sphereCenter> 14.528594 29.931252 -23.531025
<sphereRadius> 32.330399


<newObject>
<type> 2
<id> 7
<name> building_5
<translate> 18.746113 12.739683 28.526327
<scale> 10.050169 27.124517 10.050169
<rotate> 0.000000 -28.169758 0.000000
<OBBCenter> 18.746113 12.739683 28.526327
<OBBAxis1> 0.881553 0.000000 0.472086
<OBBAxis2> 0.000000 1.000000 0.000000
<OBBAxis3> -0.472086 0.000000 0.881553
<OBBExtent1> 5.025084
<OBBExtent2> 13.562259
<OBBExtent3> 5.025084
<sphereCenter> 18.746113 12.739682 28.526329
<sphereRadius> 16.627485


